####-Encrypted Data-####
2671,886,32,64,527,2660,2671,878,2821,
####-Encrypted Data-####
230,164,
####-Encrypted Data-####
599,96,298,1316,102,1734,348,87,1092,888,1699,1579,102,478,1988,1926,1316,1228,339,298,602,1734,140,1997,670,582,1797,348,1712,1796,1998,1367,353,441,599,
####-Encrypted Data-####
179,932,315,522,783,315,522,262,873,98,1056,848,315,669,566,993,415,237,13,972,758,220,232,832,867,522,982,998,633,783,851,736,198,100,179,
####-Encrypted Data-####
851,851,633,315,993,669,633,
####-Encrypted Data-####

####-Encrypted Data-####
220,13,993,415,832,
####-Encrypted Data-####
1998,478,1998,670,1579,
####-Encrypted Data-####
667,3283,1788,105,1582,2104,418,3135,1035,1896,1374,2103,1582,3249,3397,2717,105,2703,796,1788,313,2104,538,1660,1170,2874,184,418,2741,80,646,474,278,839,667,
####-Encrypted Data-####
2269,2871,1155,1567,1481,1155,1567,3187,873,98,1424,141,1155,3014,3874,3109,1540,93,3469,808,1350,2659,2076,17,2409,1567,3616,2277,1586,1481,3276,3676,248,2377,2269,
####-Encrypted Data-####
2717,1582,1788,1788,538,
####-Encrypted Data-####
418,2717,105,184,3518,105,184,3518,313,1035,2104,538,2703,
####-Encrypted Data-####
2076,3109,1854,248,873,873,
####-Encrypted Data-####
1148,268,497,97,396,812,390,742,105,203,385,1011,396,486,601,967,97,596,198,497,186,812,63,579,379,1121,381,390,165,233,764,377,904,354,1148,
####-Encrypted Data-####
597,144,529,247,423,529,247,400,29,165,632,232,529,448,430,169,154,577,46,345,129,147,481,408,56,247,324,200,697,423,384,662,581,582,597,
####-Encrypted Data-####
983,396,497,497,63,117,1261,1225,203,385,396,515,109,965,234,117,390,967,97,381,117,97,381,117,105,117,1011,396,186,63,117,186,381,601,117,486,1121,63,186,117,1261,1082,203,385,396,515,1082,1225,965,
####-Encrypted Data-####
481,169,22,581,529,324,22,154,22,430,481,200,22,200,169,529,22,129,529,324,324,29,430,529,
####-Encrypted Data-####
200,169,154,324,22,154,324,22,29,147,481,200,169,529,247,22,232,529,129,481,22,129,324,430,22,200,481,22,330,113,165,632,529,249,113,294,338,22,448,247,481,129,22,330,294,165,632,529,249,451,338,690,
####-Encrypted Data-####
529,423,529,247,581,200,169,154,147,430,324,22,384,481,247,46,22,448,154,147,529,
####-Encrypted Data-####
3238,871,989,3715,2899,1144,959,2254,3522,1196,404,3801,2899,3884,144,498,3715,3452,293,989,807,1144,1575,2336,2492,1761,1068,959,1887,3716,790,2841,3598,3172,3238,
####-Encrypted Data-####
616,999,605,323,1373,605,323,229,1302,431,347,403,605,1398,1399,169,420,330,939,3,53,755,253,1358,284,323,1426,390,773,1373,365,491,163,1418,616,
####-Encrypted Data-####
169,605,3,3,253,174,390,169,420,1426,174,420,1426,174,1426,390,773,403,605,755,390,174,26,
####-Encrypted Data-####
498,2899,3598,3151,959,498,2899,1761,2899,3151,3715,3151,1761,2899,404,2899,3716,3715,2899,1068,3151,3598,1575,1887,1761,3151,807,1068,144,
####-Encrypted Data-####
253,939,174,390,169,420,1426,174,420,1426,174,1302,174,431,1302,1426,420,347,174,403,605,53,253,
####-Encrypted Data-####
